nep4 2 H O 
cutoff 8 4 592 85
n_max 4 4
basis_size 8 8
l_max 4 2 0
ANN 50 0
  2.6982214e-02
  4.0754706e-02
 -9.8249502e-04
 -3.5192806e-02
 -3.8488515e-02
 -5.3635672e-02
 -1.0704395e-02
  2.0106649e-03
 -2.4715988e-03
 -1.1036044e-01
 -5.5455688e-02
 -5.2431807e-02
  7.4618325e-02
 -6.2255170e-02
  1.3735649e-02
  8.9832418e-02
 -4.6991870e-02
 -1.9993756e-02
  3.5559885e-02
 -4.0889271e-02
 -3.0934477e-02
 -2.0899266e-02
 -1.2487235e-02
  1.4472364e-01
  1.0890439e-03
  2.4907193e-01
 -1.1213851e-02
 -9.0865798e-02
 -3.1949505e-02
 -2.6191615e-02
 -6.1518334e-02
  2.4183832e-02
 -6.5220706e-02
  8.7770544e-02
  6.9864146e-02
  9.7535275e-02
 -4.7595672e-02
 -6.3825965e-02
 -3.2742381e-02
  6.1684266e-02
  7.4613407e-02
 -9.3847804e-02
  7.4227673e-01
 -8.9427950e-03
 -3.7227631e-02
 -1.2743660e-02
 -6.0388088e-02
  2.0784241e-01
 -8.3755232e-02
  3.9306924e-02
 -2.3381403e-03
 -3.3623353e-02
  2.1666475e-02
  3.5391161e-03
 -1.2475021e-02
 -7.1587667e-02
 -4.1354276e-02
 -9.9668372e-04
 -1.0224919e-01
  9.2162117e-03
 -2.0489502e-01
  6.9347799e-02
  2.3447860e-02
  3.2626100e-02
  1.0594735e-01
 -6.1276458e-02
 -1.9294471e-02
  1.2592244e-01
 -1.1192748e-02
  4.2535778e-02
 -6.9899544e-02
 -7.7982746e-02
 -1.4644220e-01
  3.8243644e-02
  6.8604738e-02
 -3.6076147e-02
  6.0056917e-02
 -1.1293495e-01
  2.5253991e-02
  2.8535701e-02
 -8.6828791e-02
  6.4751599e-03
  2.2553988e-02
  2.1015823e-02
  6.1547764e-02
  3.5187542e-02
  9.1995038e-02
  3.6863808e-02
 -8.8828020e-03
 -4.9282074e-02
  1.9182093e-02
 -1.5068159e-02
  3.3638996e-01
 -1.0713750e-02
  5.9054466e-03
 -5.6775860e-02
  6.5471753e-03
 -7.0950910e-02
 -1.3866609e-01
 -1.0638911e-01
 -1.7075768e-02
  8.8414595e-02
 -8.2244918e-02
  7.3461592e-02
  5.3106356e-02
  9.0379179e-02
  8.8065743e-02
 -2.6759997e-02
  1.0486397e-01
  7.1914546e-02
 -1.4578690e-01
 -3.9551258e-02
  2.1261085e-02
  4.3799952e-02
  5.0051425e-02
 -1.4054305e-02
 -5.3794272e-02
 -1.5447086e-01
  3.9221086e-02
 -6.0135104e-02
  3.9698295e-02
  2.7273390e-03
 -1.4969701e-01
 -3.8316727e-02
  8.3256587e-02
  9.1825470e-02
 -2.8378950e-03
  2.3823159e-02
  4.3838985e-02
  1.1830688e-01
  6.5733619e-02
  7.4658826e-02
  1.2542213e-01
 -6.7690469e-02
  3.2891356e-04
 -2.5312517e-02
 -6.2832169e-02
 -2.0344332e-03
 -1.3080941e-01
 -9.3482912e-02
 -6.3285962e-02
 -1.4805806e-01
  4.2480689e-02
 -3.1102533e-03
 -7.7469386e-03
  2.1201242e-02
 -4.5528207e-02
 -7.9028547e-02
 -2.2105891e-03
  7.6352291e-02
 -1.0518930e-01
  4.0406315e-03
  6.1035729e-03
  3.9903726e-02
  3.2199319e-02
  1.5975176e-01
  1.3081255e-02
  2.8219273e-02
  1.4932972e-01
 -1.3952018e-01
  1.0427304e-01
 -1.0696221e-03
  5.0465535e-02
 -1.7278545e-02
  1.1574542e-01
  8.5147552e-02
 -7.6008588e-02
 -4.9952045e-04
  4.3974258e-02
  2.3792069e-03
 -4.3686159e-02
  3.1268373e-02
  1.0636243e-01
  1.9474566e-02
 -3.4774862e-02
  1.1450257e-02
  3.2856785e-02
 -6.8538778e-02
 -4.8207484e-02
  3.0292030e-02
 -3.5158250e-01
  3.3040774e-01
  6.6141135e-01
 -4.2800531e-01
 -4.2146465e-01
 -1.7478151e+00
 -5.5308360e-01
  6.1828893e-01
  1.1854585e-01
 -1.7946583e-01
 -1.1838433e+00
  2.9094708e-01
 -1.8439665e-01
 -4.7748346e-02
 -1.7794415e-01
 -5.9912771e-01
  1.7573079e-01
 -4.2198747e-03
  2.1728815e-01
 -8.5208854e-03
 -6.4148456e-01
  5.0360405e-01
 -1.3745915e-02
  8.2782708e-02
 -8.3800502e-02
 -1.4114323e+00
  2.6226294e-01
  1.9561041e-02
  9.0419489e-01
  3.5370547e-02
 -1.0346753e-01
  2.8887385e-01
  3.3215061e-01
 -6.8075025e-01
 -3.2136824e-03
  3.3214566e-01
  1.6120743e-02
 -1.4327708e-01
  1.6542977e-01
 -8.4730196e-01
  4.9925232e-01
 -4.5975241e-01
  1.3180928e-02
  4.8041426e-02
 -2.0311328e-02
 -1.0976143e-01
 -3.3864477e-01
 -8.7656826e-03
  1.3054329e-01
  6.2703297e-02
 -4.0188108e-02
 -6.4095491e-01
  6.0946185e-02
  6.7227095e-02
 -1.6243331e-02
  1.5490861e-01
 -2.2045789e-02
 -1.0260727e-02
 -2.9578871e-01
  1.3670658e-01
  1.0254106e-02
 -3.5691127e-01
 -3.9112240e-01
 -1.8273854e-01
  2.8536850e-01
 -1.3126867e+00
 -1.3286921e+00
  1.5363099e-01
  3.8170367e-02
  2.1604012e-01
 -7.3375016e-02
 -2.4468260e+00
  7.3414959e-02
 -7.9620518e-02
  3.0002132e-01
 -3.1816583e-02
 -1.4328558e+00
  3.9155477e-01
  1.4336956e-01
  1.0066088e-01
  7.6643199e-01
 -1.0042280e+00
  6.6772267e-02
 -3.0751464e-01
  2.1005955e-01
 -1.2569131e-01
 -8.7247849e-01
  1.0709652e-01
  3.9360646e-02
 -2.2208039e-04
 -4.2622465e-01
 -2.5834861e-01
  1.0130647e+00
 -1.0077277e-01
  7.9134327e-01
 -1.1191338e+00
  9.1840886e-03
 -1.7605242e-01
 -2.9923046e-01
 -4.2992303e-01
 -3.5594776e-01
  5.2107304e-02
  1.9766425e-01
  2.3039444e-01
 -7.7188931e-02
 -3.2381165e-01
  6.9171734e-02
 -2.1017300e-01
 -1.3781308e-02
 -5.0214821e-01
 -5.3162795e-02
  2.5659416e-02
  2.3522525e-01
  8.4315926e-02
  8.8756554e-02
 -2.0176646e-01
  4.7594637e-02
  6.7920350e-02
  9.6262619e-02
 -1.1236148e-01
  1.4017747e-01
  1.0261542e-01
  1.9682847e-02
  1.6569257e-01
  4.6498917e-02
  9.9834614e-04
 -3.9274193e-02
  1.5403926e-03
  4.0396541e-02
 -1.4546755e-02
  4.7319923e-02
 -1.7501025e-02
  3.5892390e-02
 -1.5184006e-01
  2.0969061e-02
 -4.7277965e-02
 -1.6987255e-02
  1.1153422e-01
 -4.6280213e-03
  2.4439353e-03
  3.7341580e-02
 -6.5889182e-03
 -1.4415002e-01
 -4.2396430e-03
  3.9783519e-02
  2.2648029e-02
  1.9074231e-03
 -4.3474674e-02
 -6.0816012e-02
 -8.8930055e-03
  3.4747443e-01
 -1.7217609e-01
 -2.9950750e-01
  1.7852810e-01
 -6.4962149e-02
 -1.7225870e+00
  1.4694295e+00
 -3.2576904e-02
 -2.2290887e-01
  1.2526700e+00
 -1.6188976e+00
  3.4260750e-01
  2.6717749e-01
 -1.0717639e+00
  1.2999386e+00
 -1.4924133e+00
  1.1486422e+00
  1.0723587e+00
 -1.4289484e+00
  5.7097125e-01
 -9.8966986e-01
  2.3803070e-01
  5.2190793e-01
 -3.1943423e-01
  3.1694850e-01
 -1.3500440e-01
  4.4800660e-01
 -2.3397420e-01
  3.7598041e-01
  1.4656554e-02
 -5.9570029e-02
  6.6122495e-02
  4.6992674e-02
  8.1112422e-04
 -2.3261271e-04
 -6.8649918e-02
 -4.2538526e-03
  6.9639206e-02
  5.1274307e-02
 -8.3079375e-03
  3.2084674e-02
 -9.2720762e-02
  1.5834076e-02
  6.6457111e-03
  1.4284697e-01
  2.7111206e-02
 -2.6301449e-02
  2.5384413e-02
 -1.2389484e-02
  6.6991769e-02
  3.8587630e-02
 -1.6799660e-01
 -9.7276405e-02
  2.8436869e-02
 -1.9927267e-02
 -4.0182270e-02
 -8.4448956e-02
 -1.8337876e-02
  1.1864981e-01
 -4.4470157e-02
 -4.3344706e-02
 -1.6266257e-02
 -5.6951646e-02
 -2.6816038e-02
  3.1030190e-03
 -8.6867660e-03
 -9.2304144e-03
  6.7119077e-03
 -4.1917108e-02
  6.1697215e-03
 -5.4290876e-02
  1.0703290e-01
  1.6609231e-02
 -6.6061720e-02
 -9.7025707e-02
  4.2482533e-02
  1.6903188e-02
 -3.3494860e-02
  1.1367844e-03
  3.9657272e-02
  3.5690632e-02
  5.9292551e-02
 -5.5541661e-02
 -1.9644376e-02
 -4.5410715e-02
  4.2811520e-03
  6.7064688e-02
  1.0263525e-02
  5.6576457e-02
  8.3668873e-02
  8.8701509e-03
  1.4268732e-01
  6.7436852e-02
  1.2898860e-02
  3.8995594e-02
  7.4886493e-02
 -2.0760752e-02
 -1.6432198e-02
 -5.6968801e-02
  1.5536827e-01
  8.1289429e-03
  4.2098027e-02
 -1.1686535e-02
  1.4052561e-02
 -7.4322470e-02
 -1.0611927e-03
 -3.3310317e-03
 -8.2687020e-02
  3.5328485e-02
  2.5735183e-02
 -1.6461555e-02
  8.2171038e-03
 -4.2473912e-02
  2.7794832e-02
  1.5371992e-02
  3.8213897e-02
 -1.0235259e-01
 -1.0443781e-01
  9.2704453e-02
 -7.1807593e-02
 -3.2486640e-02
  2.6301408e-01
  1.6615169e-01
 -1.0442985e-01
 -2.9892992e-02
  2.8619304e-02
 -1.9988928e-02
 -9.2115514e-02
 -1.8101946e-01
 -1.3399605e-01
  9.4073787e-03
  3.5642698e-02
  7.6711355e-03
  8.2549170e-02
 -4.2434938e-02
 -4.1334458e-02
 -3.1168059e-02
  6.9144204e-02
  1.5641517e-03
  5.0713077e-02
  1.6619271e-01
  1.2424225e-01
 -8.7684751e-02
 -8.5786153e-03
 -2.5816724e-02
 -2.9636575e-02
  9.3475766e-03
 -1.1715371e-01
 -4.6804469e-02
 -1.6086331e-01
 -1.0152013e+00
  1.2254965e-01
  1.9093861e-01
 -7.2620208e-03
 -2.0505357e-01
  6.7850101e-01
  1.8412299e-02
 -9.1551185e-01
  1.7203766e-01
  4.5620137e-01
 -1.0066151e-01
 -6.6633806e-02
 -1.2542543e+00
  1.9978057e-01
  6.9856411e-01
 -9.8765308e-01
 -2.4821630e+00
 -5.1916945e-01
  3.4941915e-01
  6.0889268e-01
 -4.3899962e-01
 -1.5031664e+00
  4.8818428e-02
  3.9826449e-02
  6.5178472e-01
 -1.7486502e+00
 -6.5792757e-01
 -1.1349357e-01
  1.4714228e+00
 -1.6108273e-01
  2.2100713e-02
  7.7219084e-02
 -3.2722149e-03
 -4.2731531e-02
  8.7966584e-02
  3.0246502e-02
  8.6409263e-02
  1.5883224e-01
  6.5192826e-02
  5.5252500e-03
 -1.6392831e-02
  3.7515517e-02
  2.5851052e-02
 -1.0978101e-02
  1.5796420e-01
  4.4554643e-02
  4.1619305e-02
 -1.0417238e-02
 -1.9953998e-02
  4.6505414e-02
 -1.6949750e-02
 -1.7148595e-02
  9.4349772e-02
 -6.7814022e-02
  6.2477492e-02
 -3.0912820e-03
  2.9783219e-02
  9.8118305e-02
  5.1608175e-02
  4.4846483e-02
 -6.3314131e-03
 -1.5747865e-01
 -1.6907586e-02
 -2.0745641e-01
 -1.0480931e-02
 -2.0244675e-02
  5.3974412e-02
 -1.8859049e-02
  1.0078010e-03
  4.0235199e-02
  1.3053575e-01
  1.7269081e-02
 -5.7048328e-02
 -8.7164454e-03
 -1.3225986e-01
 -2.6457602e-02
  3.8451724e-02
 -6.7778736e-02
 -3.6244012e-02
 -7.8890800e-02
  8.2864478e-02
 -1.5720788e-02
  3.6999270e-02
  9.7690701e-02
 -6.4301871e-02
 -8.3875731e-03
 -6.8839910e-03
  2.3599017e-02
  5.8230981e-03
  8.1316605e-02
  2.6133530e-02
  1.2559642e-01
  1.0685282e-02
 -7.7453054e-02
  2.3835333e-02
  9.3159005e-02
  1.3072261e-02
  5.1232163e-02
 -3.5946403e-02
  2.8218824e-02
 -1.8662551e-01
  1.7551968e-02
 -6.6794045e-02
 -4.0679537e-02
 -2.6901923e-02
 -2.3100074e-02
 -2.1792562e-01
  5.0902674e-03
 -1.8762991e-02
 -2.1147344e-02
  1.2101498e-01
 -5.7330094e-02
 -5.6441672e-02
 -1.2107080e-01
  1.3520773e-02
  2.7499171e-02
  9.0799108e-03
  1.8457258e-01
 -6.4988144e-02
 -5.2825520e-03
 -6.2637612e-02
  5.1072456e-02
 -2.0526838e-01
  1.7146330e-01
  5.4278608e-02
 -5.3907707e-02
  1.0419681e-02
  4.8071602e-03
 -3.8291030e-02
 -1.3311437e-02
 -7.0606507e-02
 -1.8687766e-02
 -6.3065380e-02
  7.5330809e-03
 -3.7927382e-02
  3.5500325e-02
  8.5459694e-02
  4.8571311e-02
  4.8787765e-02
  1.1470329e-01
  1.4450321e-02
  1.5109326e-02
  1.0155255e-01
 -2.2722317e-02
  1.0596450e-01
 -1.3059190e-01
 -1.3279751e-01
 -1.9180812e-02
  1.0554526e-01
 -4.4082806e-02
  1.1007283e-01
 -2.8510985e-01
  1.2568873e-03
  2.9679378e-03
 -7.6405019e-02
 -1.9693691e-02
  1.5394397e-01
  2.2716466e-03
  1.0938350e-02
 -2.7907252e-02
 -1.4364793e+00
  7.9471171e-02
 -5.4515667e-02
  8.7411292e-02
  6.0400456e-02
  4.2961385e-02
  1.2442191e-02
 -1.2781575e-01
  9.8956907e-03
  4.6918377e-02
 -6.8996988e-02
  3.8782883e-02
  1.7286619e-02
 -1.3610343e-02
  8.3989576e-03
  9.8313481e-02
  9.8347813e-03
 -3.2763537e-02
 -9.8040707e-02
 -3.7075985e-02
  2.2924122e-01
  4.3179642e-02
 -1.1206605e-01
 -1.3974063e-01
 -2.4353387e-03
 -1.7429868e-02
 -7.6642036e-03
 -1.7042257e-02
  1.2536366e-01
 -4.1644201e-02
  2.0900320e-02
  4.4288628e-02
 -2.0474194e-02
  3.3386230e-02
  1.4564174e-01
  2.5922420e-02
  6.2829211e-02
 -2.6551438e-02
  4.9983978e-02
 -9.0983674e-02
 -4.9011741e-02
  3.0925924e-02
 -1.0137317e-01
 -8.7954134e-02
  4.2187762e-02
  1.8489949e-02
 -7.9563804e-02
 -6.1619356e-02
 -3.5070322e-02
 -5.0280735e-02
  1.0242592e-01
  3.7299342e-02
  1.1617530e-01
 -9.2757884e-03
 -2.9789422e-02
  1.7808346e-02
  5.3323038e-02
 -1.4798205e-01
 -5.0625246e-02
 -1.3108499e-02
  2.0709895e-02
  5.8637704e-03
  1.3771612e-02
  1.3769824e-02
  9.1932312e-02
 -1.5866242e-01
  1.1258755e-02
 -6.1341546e-02
 -4.0808402e-02
 -5.3570319e-02
 -9.2325196e-02
 -1.1397839e-01
  1.5248701e-02
 -3.3798426e-02
 -3.5673924e-02
  1.2909966e-02
  2.0247740e-03
 -1.4761963e-01
 -9.5412053e-02
 -1.6680840e-02
 -1.4406741e-01
 -1.4126022e-01
  8.4346786e-02
  9.0752900e-01
 -1.9912970e-01
  8.4708363e-01
  6.2494993e-02
  3.7582439e-01
 -1.4980966e-01
 -5.4501528e-01
 -2.0033378e-02
 -9.1161609e-02
 -5.2837282e-02
  1.1106178e-01
  2.7951501e-02
  1.3180375e-01
  5.6350209e-02
 -9.3759701e-02
  8.8549912e-02
 -3.8936015e-02
  4.6936404e-02
 -2.5554684e-01
 -4.3304347e-02
 -2.5861828e-02
 -6.1123393e-02
 -4.7434617e-02
 -1.6829431e-01
 -1.4054196e-02
 -4.9478754e-02
  3.9753258e-02
 -7.1120983e-01
  3.1119315e-02
  5.9065515e-01
  1.8628816e-01
  1.5353845e-02
 -7.5833791e-01
 -1.2218471e-01
 -1.0991754e-01
  3.3764851e-01
 -1.1404290e+00
  1.7343305e-01
 -1.6398685e+00
 -8.2583106e-01
  1.2456551e+00
 -8.9003509e-01
  1.1725099e-01
  1.7294824e-01
 -4.3306053e-02
 -5.3924286e-01
 -7.5692362e-01
 -5.7158583e-01
 -9.1924801e-02
 -1.5317169e-01
 -3.3482474e-01
 -5.2016324e-01
  9.9513161e-01
 -6.7181545e-01
 -8.2280263e-03
 -1.3666031e+00
 -5.3419268e-01
  8.1639867e-03
 -2.1798505e-01
 -4.4819009e-02
  1.1299825e-01
 -7.4877940e-02
  4.8255444e-02
  1.0567654e-01
 -1.9931537e-01
 -1.3328438e-01
 -1.4181095e-01
  2.9506408e-02
  3.5500582e-02
 -3.6814149e-02
  3.7902039e-02
 -1.3103774e-02
  4.3857861e-02
 -2.2247303e-01
 -4.2472236e-02
 -3.9759036e-02
 -4.6463590e-04
 -2.1250536e-01
  5.2520558e-02
 -2.4404962e-02
  6.1652698e-02
  5.4185651e-03
 -2.8301662e-02
 -9.8654509e-02
  2.0130950e-03
  3.4660939e-03
 -1.1454320e-02
 -2.3146199e-02
  5.7375437e-01
 -3.7913132e-02
  5.1003829e-02
 -2.2363368e-02
 -1.0665911e-02
  8.8860333e-02
 -2.7222129e-02
 -5.0224448e-03
 -3.5510287e-02
 -7.6361140e-04
  5.5495463e-03
 -8.7879777e-02
 -1.5752667e-01
  6.1553903e-02
 -5.8182096e-03
  1.4872951e-02
  2.7290916e-02
 -1.6090590e-01
 -5.2506287e-02
  5.3022288e-02
  1.8170681e-02
 -5.0455961e-02
  1.9101087e-02
  4.5586880e-03
 -9.6960053e-02
 -4.3659475e-02
  2.5305217e-02
  9.4534434e-02
 -2.4683733e-02
 -2.5914568e-02
 -4.9623079e-03
  6.0206361e-02
  7.3111802e-02
  3.2972652e-02
 -3.2119058e-02
  1.1141229e-02
 -6.4267486e-02
 -5.6320757e-02
 -4.5562487e-02
  4.9842767e-02
  2.1919416e-02
 -1.1316428e-01
 -9.1206767e-02
  5.4341601e-03
 -1.1783128e-01
 -1.4643579e-02
 -4.5738481e-02
  1.3078715e-01
 -1.1932252e-01
  7.8133456e-02
 -4.1297007e-02
  6.7649703e-03
  8.8028181e-03
 -3.8411200e-02
 -2.1190993e-02
 -2.4685723e-01
 -2.2831027e-01
  2.6485618e-02
  2.4604548e-02
 -3.6167166e-01
 -4.2227808e-02
  4.8927668e-01
  7.9277122e-01
 -4.8093493e-03
 -6.3932252e-01
  2.0529605e-01
 -1.4317933e-01
 -1.5484378e+00
  3.5250631e-01
 -7.9579316e-02
 -1.1156823e-02
 -4.7839445e-01
 -3.1309265e-01
  1.5449552e-01
  4.6402586e-01
  9.0480462e-02
 -1.5325481e+00
 -2.7153972e-01
 -1.0430074e-01
  1.4215329e-01
  9.6473005e-03
 -5.7776493e-01
 -9.4607309e-02
  1.3385907e-01
 -5.4472375e-01
 -5.1194781e-01
 -4.3771899e-01
 -1.5570694e-01
 -4.4327143e-01
 -7.1331076e-02
 -3.5848472e-02
  1.0849789e-01
  9.7241655e-02
 -6.6582961e-03
 -1.4191060e-02
  9.1956295e-02
  7.6032817e-02
 -1.4919189e-02
 -6.7397207e-02
  1.2680222e-01
  7.3493975e-03
 -4.4611312e-02
 -1.7983755e-01
 -1.4000581e-01
  7.9110131e-02
  1.8575374e-02
  1.3114685e-01
 -6.2463898e-03
 -9.0412386e-02
  9.2899509e-02
 -6.4567976e-02
  2.7149314e-02
  3.9695516e-02
 -5.5838436e-02
  1.2375560e-01
  5.0950397e-02
 -6.4348578e-03
 -8.6641893e-02
  6.4339444e-02
  4.4498718e-03
 -1.2150241e-02
  1.4071530e-01
  1.1272611e-02
  1.6886902e-01
 -3.3992559e-02
 -2.6278324e-02
 -4.3000277e-02
 -2.4201203e-02
  3.0764719e-02
  7.4217312e-02
 -6.6671027e-03
  2.0457353e-03
  4.2462364e-01
  4.7569364e-02
 -3.0427603e-02
 -3.4206441e-01
  2.7353952e-02
 -8.6483015e-03
  4.5630507e-02
  3.0275214e-02
  2.3408590e-02
 -5.2273981e-02
 -6.3381627e-02
  9.5575973e-03
 -2.3582113e-01
 -1.6993237e-01
  1.2553972e-01
 -4.0796839e-02
  3.8476050e-02
 -9.8948300e-02
  1.5458553e-02
 -2.5868794e-02
  1.1522275e-01
  5.8614269e-02
  2.2158606e-01
  4.2695105e-03
  8.5637182e-02
  9.3787111e-02
  1.6362142e-02
 -5.0619539e-02
 -2.0404273e-01
 -7.4735805e-02
  8.0411173e-03
 -1.6750893e-02
  1.0762589e-02
 -1.5491426e-02
 -1.3254592e-01
 -4.1601256e-02
  1.1310586e-01
 -5.1365472e-02
  3.0811291e-02
 -5.7718985e-02
 -1.1265216e-02
 -1.0827024e-02
  1.0436336e-03
  1.6239598e-01
 -5.6906797e-02
  5.6624343e-03
  1.5141200e-02
  2.4506874e-01
  3.0832509e-02
 -5.2456460e-03
 -9.3446448e-03
  3.5376854e-02
  1.5146950e-01
  4.2803176e-02
  4.6945021e-02
  2.9034287e-02
  9.7086430e-02
 -1.9436313e-02
  2.0138163e-02
 -2.4488332e-02
 -1.0817338e-02
 -5.8768924e-02
  4.0890786e-01
  3.4296182e-03
 -8.1421413e-02
  2.0697452e-02
 -1.8181562e-02
  1.2310468e-02
 -3.4465678e-02
  1.0672472e-03
  1.0557262e-01
  1.2185106e-01
 -3.9460331e-02
  5.5481307e-04
  1.4901596e-01
  6.6130329e-03
 -6.6386022e-02
 -3.4557581e-02
 -1.6587736e-02
  1.2361816e-01
  3.9982650e-02
 -6.7856453e-02
 -6.9484353e-02
  1.9223402e-01
 -3.7749350e-02
  4.1184701e-02
 -9.0211451e-02
 -2.5453998e-02
 -5.7644889e-02
 -1.6827583e-03
 -3.2724425e-02
 -1.5666638e-01
  1.0364760e-02
 -1.1856277e-02
 -3.6275808e-02
  6.6753134e-02
 -3.1447720e-02
 -3.8277555e-02
 -3.7582755e-02
  3.1808710e-03
 -2.1103775e-02
 -3.2848570e-02
 -6.9241337e-02
 -3.0717095e-02
  2.4587467e-02
 -3.2319933e-02
 -1.1618329e-02
 -1.2478819e-02
 -1.8284249e-01
  2.0690733e-01
  1.7689171e-03
 -1.8358571e-02
  1.9911075e-02
 -2.0068376e-01
  3.0049994e-03
 -6.0420096e-02
 -1.7133817e-02
  2.4855271e-01
  9.7648926e-02
  7.6849520e-02
  3.6958136e-02
  3.3591248e-02
  8.4794331e-03
 -3.1911384e-02
  9.0951316e-02
  1.8226579e-03
 -6.7938510e-03
 -3.0468179e-02
 -1.6088329e-01
  4.7405940e-02
  1.2977558e-02
 -1.0984681e-01
 -3.5505774e-03
  9.7286142e-04
  8.6869448e-02
 -4.1713245e-02
  1.3110386e-01
  6.9686568e-01
 -2.9071867e-01
 -8.4532720e-01
  3.0011064e-01
 -3.0075265e-02
 -3.3749312e-01
  2.3094028e-01
 -6.8096167e-01
 -1.2531511e+00
  5.4152811e-01
  1.5645962e-02
  2.2536995e-01
  3.5773167e-01
  1.3713397e-01
 -5.5043932e-02
  2.6436934e-01
  4.4337243e-01
 -1.1035783e-01
  9.1387797e-04
 -3.9531422e-01
  8.2855955e-02
  1.5983625e-01
  1.3227254e-02
  7.8550912e-02
 -1.5020087e-01
 -9.2806704e-02
  1.3706996e-01
  3.7927814e-02
 -9.4246387e-02
 -8.0025524e-02
 -1.6501427e-01
  2.2051577e-02
  1.9633397e-02
  1.5257996e-01
 -3.2480415e-02
  2.0727433e-02
 -2.0224340e-02
  8.8206090e-02
  5.2504741e-02
 -5.9750192e-02
  1.4502120e-01
  2.5553521e-02
  7.4424125e-02
 -1.5839247e-02
 -1.4965139e-02
  1.0224682e-01
 -7.5682759e-02
 -9.4442599e-02
 -8.5085072e-03
  3.0374065e-02
 -7.9196334e-02
 -2.0155467e-02
 -5.7818852e-03
  1.1292067e-01
  3.2792408e-02
 -9.9358268e-02
 -1.6317826e-02
 -1.3467164e-01
 -8.0278546e-02
  2.9992804e-01
  2.3969186e-02
 -9.8588997e-03
 -2.0877473e-02
  1.6756551e-02
  2.5480838e-02
  4.9994187e-03
  1.3295417e-01
 -1.3803829e-02
  4.3292720e-02
 -3.3546633e-03
 -3.8926046e-02
  1.3257532e-01
  2.3959344e-02
 -5.5141699e-02
 -3.1813607e-02
 -6.2094189e-02
  4.2348900e-03
  3.4619275e-02
  1.4863159e-01
 -4.2322371e-02
 -1.0884180e-01
 -3.5271198e-02
  7.5840190e-02
  1.0904754e-01
 -6.8855189e-02
  4.3971714e-02
 -6.0055230e-02
  9.3015313e-02
  3.8806252e-02
 -8.1386164e-02
 -1.8932264e-02
  4.9853653e-02
  1.6833061e-01
  1.1306296e-01
  3.0467108e-02
 -2.2042504e-01
  1.5565863e-01
  3.0968282e-02
 -7.0355162e-03
  3.5910998e-02
 -2.4334207e-02
  2.8047901e-02
 -1.3078541e-01
  6.8031505e-02
 -6.2706873e-02
  5.0075445e-02
 -8.3717920e-02
 -6.2270463e-04
  9.3689658e-02
 -7.3370725e-02
 -1.3170974e-01
 -7.4104391e-02
 -7.2908774e-03
 -9.4083317e-02
 -2.7254023e-02
  4.4053569e-02
  8.3645564e-03
 -1.9980486e-02
 -4.2865116e-02
 -2.9988231e-02
  2.2749007e-03
  3.3743754e-02
  1.6078675e-01
  1.5793465e-01
  6.4902711e-03
 -4.6845384e-02
 -3.7986860e-02
 -2.5962438e-02
  7.9859868e-02
 -7.7948608e-02
  4.0714398e-02
  5.3936910e-02
 -3.8692638e-02
 -3.9179530e-03
  1.3158260e-01
 -3.7612118e-02
 -1.2040244e-01
  7.1665153e-02
 -1.6171608e-02
  1.0559706e-02
 -4.5639496e-02
 -2.2345446e-02
 -6.3847914e-02
 -3.1687230e-02
 -5.8554046e-02
  3.0495228e-02
 -1.0054354e-01
 -2.2654351e-02
  3.8541399e-02
  8.4211774e-02
  1.2767205e-01
 -1.4205278e-01
 -3.8960561e-02
 -5.5776820e-02
  1.0137074e-01
  3.4665000e-02
  2.8484758e-02
  5.6901157e-02
 -1.1093848e-02
 -1.2686364e-01
  7.7541523e-02
  1.9130187e-01
 -4.0446721e-02
  1.5584122e-01
 -5.2559339e-02
  2.0033030e-01
 -1.5350327e-01
 -1.1802794e-02
 -1.3250306e-01
 -1.8368330e-02
  2.4325460e-02
 -9.0521775e-02
  8.4056452e-02
 -2.7332621e-02
 -3.1129764e-02
 -6.2301055e-02
  4.6867197e-03
 -5.9621252e-02
 -2.2742216e-02
 -3.4404270e-02
 -4.1569805e-01
 -3.8678806e-02
  7.7394117e-03
  2.3140967e-01
  3.0800578e-01
  2.8138006e-01
  1.6216931e+00
  6.6596717e-01
  8.8525283e-01
 -1.2474985e-01
  2.1643918e+00
  3.1483531e+00
 -1.0027962e+00
  8.3394045e-01
 -1.6261172e-01
  3.8874942e-01
  2.7815862e+00
 -2.9892439e-01
 -1.5621026e-01
 -9.8281041e-02
  1.2851034e-01
  1.3075228e+00
 -3.6322317e-01
  4.9436264e-02
  3.3589342e-01
  7.0619923e-03
  1.0305185e+00
 -3.5480000e-03
 -3.2192963e-01
 -2.1549553e-01
  4.5164160e-02
  2.5989059e-02
  1.5294010e-02
  1.5262747e-01
  5.4854311e-02
  7.4191086e-02
  5.5024043e-02
  6.4277343e-02
 -6.3199820e-03
 -2.9552992e-02
 -4.0025197e-02
  7.6716661e-02
  1.0973829e-01
  5.9133861e-02
 -1.8729694e-02
 -2.4464406e-02
 -1.0136240e-01
  6.3438932e-03
 -1.7673783e-03
 -6.5323273e-03
  1.7807165e-02
 -1.4783280e-02
  1.7295955e-02
  4.5577761e-02
  7.3919319e-02
  4.0916346e-02
 -7.8049481e-02
  6.4902008e-03
  3.6828618e-02
 -2.7038721e-02
 -6.1834846e-02
  8.5641511e-02
  1.5035690e-01
 -1.2829822e-02
  1.6302975e-02
  1.2246860e-01
 -4.7496051e-02
 -2.6890989e-02
 -2.3345720e-02
  9.0256937e-02
 -8.1762588e-03
 -5.3483866e-02
  2.1771938e-03
  1.5424623e-01
  4.1453891e-02
 -2.1986054e-02
 -1.0355062e-01
 -1.4882566e-01
  4.3076005e-02
 -1.5223178e-02
  9.5093757e-02
 -3.4629300e-02
  1.4894158e-03
 -3.3252560e-02
  6.9664948e-02
 -2.1579597e-02
 -6.9142650e-03
  6.4322188e-02
  1.5410776e-02
 -2.7110023e-02
  5.0815456e-03
  2.7250901e-02
 -6.0542610e-02
  1.0269709e-02
 -1.3660487e-02
 -1.0025412e-02
  5.5748440e-02
  6.8727573e-03
 -3.8914066e-02
 -3.6733594e-02
  4.8577362e-03
 -1.0243253e-02
  9.2518777e-02
 -6.7597643e-02
  2.0775478e-01
  2.3302853e-02
  3.7265163e-02
 -1.5541655e-02
  4.8791382e-02
 -5.3965056e-04
 -7.3005520e-02
  5.0360058e-02
 -1.5286623e-01
 -1.2704015e-02
  1.8446831e-02
  1.2054758e-01
  2.3142937e-01
 -4.5312982e-02
 -3.5933245e-02
  3.0325087e-02
  1.3772376e-02
 -8.0195971e-02
  4.5510601e-02
 -1.0778500e-01
  3.4268308e-02
  1.3391273e-01
 -3.1904124e-02
 -1.3869772e-02
 -3.9202690e-02
  1.5075481e-01
  1.1257828e-01
 -1.4195740e-01
 -1.1054730e-01
  2.4581724e-01
 -6.3867427e-02
 -6.0714308e-02
  4.7100015e-02
  1.3396950e-02
 -8.5636172e-03
 -6.7469284e-02
 -1.4557127e-02
 -1.7109107e-02
 -7.3601842e-02
  1.2710619e-01
  9.9501625e-02
  1.2946956e-01
  9.3206791e-03
  9.5472872e-02
  5.2561767e-02
 -1.3651417e-01
 -1.7381147e-01
  1.9078430e-02
  7.7794958e-04
 -3.2249991e-02
 -5.4998480e-02
 -1.1681816e-01
 -2.6569042e-02
 -3.7992161e-02
 -1.0503018e-03
 -5.4036872e-03
  1.3022050e-02
  1.2565361e-01
 -8.4172189e-02
 -3.2850012e-02
 -2.3053356e-02
  1.6606281e-02
 -5.9197307e-02
  1.7551535e-01
  9.1792434e-02
 -2.7066484e-02
 -9.2739366e-02
 -1.2752324e-01
  2.9243186e-02
  4.3978207e-02
  6.6917941e-02
 -2.1235893e-02
  1.1510948e-02
  3.1970367e-02
 -4.1711330e-02
 -6.1948229e-02
  6.9050008e-01
  3.4113999e-02
 -1.5216920e-01
 -5.4679159e-03
 -1.7897964e-01
  4.4014284e-01
 -9.5608902e-01
 -2.1731634e-01
 -5.3392977e-02
  3.4278107e-01
 -5.4335289e-02
  3.5004048e-03
  9.1087200e-02
 -4.0167249e-03
 -2.5765626e-03
 -3.0749938e-02
 -3.9784223e-02
  1.1483714e-01
 -8.6353727e-02
 -3.6934841e-02
 -3.5277788e-02
  1.6238424e-01
  1.7619165e-02
  4.0806424e-02
  3.5117194e-02
 -9.2372470e-02
  2.6125193e-02
  1.5042488e-02
 -4.6387399e-03
 -1.5577201e-02
  1.9691099e-04
  2.3577695e-01
 -1.7732799e-01
  2.9978063e-03
  5.3354953e-03
 -6.9353215e-02
 -9.5945969e-04
  6.1519720e-02
 -1.4755614e-01
  3.0040741e-02
 -5.0105434e-02
  8.3774701e-02
  1.6713195e-02
  3.2351863e-02
 -1.0893685e-01
 -2.0281950e-01
  7.1888596e-02
 -5.5662701e-03
 -1.9762069e-02
 -2.8254472e-02
 -7.5837504e-04
 -6.5029420e-02
  4.5087442e-02
 -2.8517757e-02
  1.6636083e-02
  1.0414619e-02
  1.9443786e-02
 -8.0649137e-02
  1.8875819e-02
 -2.9598827e-02
 -5.2844994e-02
  1.9040218e-02
  2.0039340e-02
  3.2476589e-02
  3.0453341e-02
  2.0731094e-01
  2.6707625e-02
  8.4208801e-02
  1.1135470e-01
 -1.0781613e-02
 -3.4957714e-02
  1.2031043e+00
 -3.9218998e-01
 -5.9018414e-02
 -4.8141766e-02
  8.4872805e-02
 -8.3622563e-01
  1.8133302e-01
 -1.2685621e-01
  5.2592799e-02
  1.0538762e-02
 -1.2972178e-01
 -1.0825039e-01
 -7.3035933e-02
  1.4160144e-01
  1.6817744e-01
 -1.4559972e-01
 -3.2989495e-03
 -1.0190698e-01
  4.6254420e-03
 -3.0658714e-02
 -2.7314141e-02
 -1.2225411e-01
 -1.0244713e-02
  2.5268631e-02
 -3.5256747e-02
  1.4074859e-01
 -9.8135523e-02
  3.3373922e-02
 -8.5521400e-02
 -4.1369554e-02
  7.3058985e-02
 -4.2903703e-01
 -1.2116194e-01
 -2.9519126e-02
 -4.2904146e-02
  1.8857270e-03
  2.7141427e-03
  1.5189601e-01
 -4.6321619e-02
 -1.9941244e-02
 -6.0203418e-02
 -2.0441374e-02
  3.8896125e-02
 -1.4225572e-02
 -1.0239685e-01
  6.3348639e-01
 -8.4293550e-01
 -4.4164842e-01
  3.8503769e-01
 -7.3434353e-02
  2.6916561e+00
 -2.4054486e-02
  1.7415799e-02
 -1.4769594e-01
 -5.3507049e-02
 -9.2632687e-01
 -7.9901062e-02
  7.5423069e-02
  3.6445234e-02
 -8.0877103e-02
 -6.8494648e-02
  3.6610335e-02
  6.1039731e-02
 -2.0542087e-01
 -1.0916730e+00
  3.5054289e-02
 -8.3782417e-01
 -1.0219661e-01
 -1.0653383e+00
 -4.9956620e-02
 -1.0360679e-01
 -4.0208992e-02
 -6.7429245e-02
 -2.9863261e-02
  7.9736307e-02
  5.3431869e-01
 -2.3431212e-01
  4.8995041e-04
  1.1166528e-01
 -3.1215956e-02
 -4.8557848e-02
  7.6770139e-01
 -9.0142541e-02
 -1.8981145e-01
 -7.1524568e-02
 -3.1978235e-02
  2.0169368e-02
  3.5485774e-01
  3.3591455e-04
  1.1675574e-01
 -9.0145692e-02
  7.0663239e-03
 -2.2506978e-02
 -1.8257037e-02
 -2.0823846e-02
 -3.2088481e-02
 -2.2930115e-02
 -8.8101171e-02
 -7.9472922e-03
 -3.5663713e-02
 -1.4348292e-01
  8.8880055e-02
 -2.0902729e-01
 -3.3717725e-02
  2.0959795e-01
  7.2755449e-02
  2.4818303e-02
 -1.8382165e-01
 -3.6623821e-02
 -3.6661100e-02
 -1.1191275e-02
 -1.1167808e-02
  5.9425898e-02
  2.5047334e-02
 -8.6215504e-02
 -1.5445852e-01
 -1.0588125e-01
  7.4044064e-02
 -5.5966668e-02
  4.4099875e-02
  7.6821595e-03
 -1.0914969e-01
 -4.3056581e-02
 -7.2005419e-03
  7.9501927e-02
 -6.0412064e-02
 -1.5107541e-01
  2.2844270e-02
 -4.0498134e-03
 -1.7906197e-03
 -3.9253801e-02
 -6.7709744e-02
  9.5284916e-03
 -6.9290668e-02
 -6.9504161e-03
  7.7425919e-02
 -1.0296551e-01
 -8.9044616e-02
  5.0200231e-02
 -1.0103532e-02
  1.0653735e-02
 -1.1553824e-01
 -2.2431638e-03
 -6.5503377e-03
  7.0526092e-03
 -1.6109152e-01
 -1.3392662e-01
  6.4832342e-01
 -1.7448207e-02
 -5.7765577e-02
  1.1628485e-01
 -5.9064884e-02
 -3.8075674e-02
  2.0209181e-01
 -2.7919084e-02
  7.0110457e-03
  1.4547879e-01
 -4.4202521e-02
  1.9503707e-01
  6.2610365e-02
  7.7726729e-02
  5.5039108e-02
 -1.0524831e-02
  1.7248625e-01
  1.3212685e-02
  1.2190060e-01
 -1.2128585e-02
  7.3618419e-03
  1.6345733e-01
  1.7653812e-01
 -3.0216491e-02
 -2.7572410e-03
  1.0355429e-01
 -9.9029467e-02
 -7.8398965e-02
 -8.3585411e-02
 -5.7351679e-02
  6.4974731e-01
 -7.0711643e-02
  1.6438887e-01
  8.2331479e-02
  2.3433563e-01
  2.6610878e-01
 -5.2195508e-03
  8.2025774e-02
 -3.6779314e-02
 -1.2124780e-01
 -2.9900104e-01
 -3.7660924e-01
 -2.3019922e-01
 -8.3500355e-02
  5.5428144e-02
 -2.1179467e-01
 -7.6063126e-01
 -4.5646492e-01
 -2.3003860e-01
  7.5845577e-02
 -3.0329880e-01
 -1.1571518e-01
  7.2882846e-02
 -1.4508212e-01
 -6.9979042e-02
 -2.8131765e-01
  2.6535943e-02
 -5.6445614e-02
 -2.3087670e-01
 -1.8359648e-02
  1.9952849e-02
  3.3400990e-03
 -3.1977636e-01
 -1.9562505e-02
  7.6589763e-02
  1.1062914e-01
 -2.0373251e-02
  6.9102220e-02
  1.6100772e-02
 -1.5713005e-01
  1.8380256e-02
 -9.1653205e-03
 -8.8530019e-02
 -1.5316810e-03
 -3.3637650e-02
 -1.0994752e-01
 -3.9051704e-02
 -5.9896432e-02
 -2.5938526e-03
  1.7107744e-02
 -4.7798645e-02
  1.9875722e-01
 -5.7998661e-02
 -4.5555821e-03
 -7.9084389e-02
 -1.0402916e-01
 -1.0818829e-01
  1.0938389e-01
 -1.0852682e-01
 -1.4807031e-02
 -7.7986777e-02
 -1.9720584e-02
  5.4933980e-02
 -1.0030303e-01
 -2.5902033e-02
  7.8759370e-03
  5.5789497e-02
  3.1234216e-02
  5.3532526e-02
 -6.9908828e-02
  5.5531140e-02
  7.8099743e-02
 -5.6449205e-02
 -5.8798507e-02
 -1.3072671e-01
  8.5960232e-02
 -1.2545459e-02
  7.1701147e-02
  4.8125624e-03
 -3.8548861e-02
 -6.7438006e-02
 -2.3076849e-02
  5.2567899e-02
 -2.5896561e-01
 -8.8015720e-03
  1.2592281e-02
  5.0317258e-02
 -8.3969068e-03
  7.5742580e-02
 -1.3011206e-02
 -1.1444073e-03
  9.0713799e-04
 -5.7072073e-01
 -1.5421309e+00
  4.5504883e-02
 -2.2126937e-01
  1.5954640e+00
 -3.0970663e-01
 -3.9187521e-01
 -3.0147851e-01
  6.0361868e-01
 -1.6723613e+00
 -1.0422122e+00
 -1.4165969e+00
 -2.6859587e-01
 -2.4492599e-01
 -1.5617871e+00
 -7.4203831e-01
 -1.2727605e+00
  4.7799325e-01
 -4.0757307e-01
 -9.9862593e-01
 -3.5341915e-02
 -3.9104706e-01
  8.4860720e-02
 -8.0074203e-01
 -1.7149755e-01
 -5.9734751e-03
 -4.4482595e-01
  1.1462712e-02
 -3.4567812e-01
 -1.2693074e-01
  1.7535466e-01
 -7.0469759e-02
  8.4956340e-02
  8.3332010e-02
 -6.6130802e-02
  9.6770220e-02
  4.4586480e-02
 -7.5028375e-02
 -1.2159824e-02
  5.2995697e-02
  4.4075590e-02
  4.1108944e-02
  3.8371239e-02
 -4.2848710e-02
  6.0407430e-02
 -7.5383022e-02
  1.5769564e-02
 -2.3211579e-01
 -1.4308784e-02
 -1.5444057e-03
 -1.5847377e-01
 -5.6746751e-02
  1.3784005e-01
  6.6493139e-02
  1.0886041e-02
 -9.3950383e-02
 -1.3257665e-02
  8.6212873e-02
  2.4704821e-03
  3.0223653e-04
 -2.4213398e-01
  7.9996709e-04
  4.1824836e-02
 -3.3521146e-02
 -1.0420885e-01
  2.3322032e-01
  8.5994396e-03
  1.4471920e-01
  4.4521675e-01
  5.5112489e-02
 -8.7871552e-03
 -3.2506730e-02
 -5.8568623e-03
 -1.6951235e-02
  1.4244448e-02
  1.1116222e-02
 -1.2237619e-01
 -5.3384308e-02
 -2.9848624e-02
  3.8895942e-02
  1.9789240e-01
 -7.7300365e-03
 -3.9020531e-02
  1.9616505e-02
  4.2897258e-02
 -1.1401543e-01
 -6.4261779e-03
  1.0889355e-02
 -3.0554393e-02
  1.2331775e-03
  2.5826061e-02
 -8.1586599e-01
 -1.0594308e+00
 -7.0847017e-01
 -1.3908008e-01
  1.2944535e+00
  1.6501631e-01
  4.7673678e-01
  1.0813209e+00
 -6.8265361e-01
  1.6983688e-02
  2.0655174e-02
 -5.6222832e-01
 -6.1200410e-01
  2.8678623e-01
  7.9290491e-01
 -1.2109636e-01
  1.3283786e+00
  1.9159127e+00
 -3.4477907e-01
  4.3570518e-01
 -1.6351846e-01
 -5.2786142e-01
  2.3776002e-01
  1.9973867e-01
  1.7727634e-02
 -6.4834785e-03
 -3.3383933e-01
 -8.8519734e-01
  2.1873595e-02
 -5.4733121e-01
 -5.6268257e-01
  2.2323294e-01
  4.4888411e-02
  6.8636602e-01
  3.6143386e-01
  2.9034379e-01
 -2.1317270e+00
  4.4971737e-01
 -1.0079739e+00
 -5.1907547e-02
 -1.5816052e-02
 -1.0940948e-01
  1.1250799e+00
 -5.0020778e-01
 -3.1595516e-01
  1.5931854e-01
 -4.6622284e-02
  7.1832341e-01
 -8.7101537e-01
  1.0779855e-01
  1.0503809e-01
  1.8690304e-01
  7.9610823e-03
 -2.7871639e-01
 -3.6436021e-02
 -5.7068962e-01
  1.6333184e-01
  1.1783155e+00
 -9.2220448e-02
 -7.4440008e-03
 -6.9697581e-02
  4.0405270e-02
 -2.4752827e-02
  1.3780005e-02
  4.4392351e-02
 -1.1902573e-02
  6.6617597e-03
  3.3342663e-02
 -3.7159782e-02
  1.1306068e-02
 -6.1713010e-02
 -3.0665370e-03
  3.2558143e-02
  1.3552834e-01
 -1.5301418e-02
  1.0016008e-01
 -7.9795644e-02
 -1.6126789e-01
  1.3790715e-01
 -8.7212808e-03
  6.3960105e-02
 -9.5327869e-02
 -4.3427367e-02
  1.0754129e-01
  4.5777924e-02
  3.3196271e-03
  5.1499613e-02
  2.0249983e-02
 -4.8756849e-02
  1.7174868e-02
  5.5465912e-03
 -2.7638316e-02
  4.8041889e-03
 -9.6990857e-03
 -9.3867064e-02
  4.9541358e-02
 -1.1363242e-02
 -7.2842836e-03
  2.2504717e-02
 -2.4978094e-02
  8.0369070e-02
 -5.3337950e-02
  2.3593299e-02
 -2.4846684e-02
  1.7935816e-02
  2.1766165e-02
 -1.6012467e-02
  3.9347615e-02
 -2.7440615e-02
  2.8160091e-02
 -2.1792982e-02
 -5.4614704e-02
 -3.8039081e-02
  1.9578692e-01
 -2.9662275e-01
 -4.5416445e-02
 -5.5229902e-02
 -4.3571368e-04
  2.9941989e-02
  6.2455833e-03
  1.0225606e-01
 -2.9244203e-02
  1.0871059e-01
 -1.0646087e-02
  4.3750729e-02
  3.8421059e-03
  8.1911951e-02
 -3.9000165e-02
  2.1968033e-02
 -9.8351995e-03
  8.0992691e-02
  4.2125013e-02
  7.2824564e-03
  1.4909215e-02
 -5.7040118e-02
 -9.8239835e-03
  2.0813704e-02
 -2.0507982e-02
 -6.5965503e-02
  5.0117351e-02
 -5.7727598e-02
  1.6878590e-02
 -8.3157822e-02
  5.7333358e-02
 -2.5397807e-02
  2.5000103e-02
 -6.3743606e-02
  2.1753674e-02
  1.4262831e-01
 -1.3616395e-01
 -8.2353950e-02
  1.5860017e-02
  7.0282899e-02
  9.2696108e-02
 -4.5677386e-02
 -6.3364692e-02
 -7.2556913e-02
  1.8940518e-02
  4.2251635e-02
 -6.4516384e-03
  7.7288762e-02
 -1.7990734e-01
  7.4220069e-02
 -1.1284374e-01
  3.8424943e-02
 -1.0097078e-01
 -2.6665460e-03
 -1.5608124e-02
  1.9012468e-03
  9.9222129e-03
  1.6771951e-01
 -6.7697123e-02
 -2.8473802e-02
  6.6075191e-02
  1.4923033e-01
 -7.0574097e-03
  4.9011275e-02
 -1.6341476e-02
 -5.2331127e-02
  7.2746557e-01
  1.4518569e+00
  4.2124328e-01
  4.4001481e-01
 -1.8337092e+00
  2.7047485e-01
 -1.1060224e-01
 -1.2670941e+00
  4.3636200e-01
 -1.3292661e+00
  5.1067252e-02
  1.9169735e-02
 -1.8800607e+00
 -7.1131592e-03
 -8.5166997e-01
 -8.5670096e-01
 -6.9966608e-01
 -2.4499881e-01
 -7.3457003e-01
  1.7688966e-01
  2.4782710e-01
  4.0263005e-02
 -1.4333372e+00
 -3.9314586e-01
  7.4438941e-01
  1.6672544e-02
 -7.7690020e-02
  2.1425727e-01
 -4.4637904e-01
 -2.1319563e-02
  1.5031446e-02
 -7.1882613e-02
  7.3819794e-02
 -4.2372860e-02
  1.6319333e-03
 -1.8647129e-02
  2.4286998e-02
  5.6506049e-02
  2.4658957e-02
 -1.0243875e-02
  1.7117904e-02
 -1.3503657e-01
 -8.6103588e-02
  4.1304354e-02
 -1.9463457e-02
  4.7672559e-03
  1.1344784e-01
  3.7102133e-02
 -4.1556448e-02
 -6.3140057e-02
  4.8003163e-02
 -1.8769851e-02
 -7.0840167e-03
  6.7570373e-02
  1.0424427e-01
  4.1724261e-02
 -8.7888855e-03
 -1.4453845e-01
  1.2462757e-02
 -4.3258995e-02
 -1.3957538e-02
 -6.2570572e-02
  1.1283190e-01
  2.4232237e-02
 -1.4385931e-02
 -1.2275146e-02
 -1.9359540e-02
  5.7337698e-02
 -5.6393873e-03
  5.6667216e-02
  7.5605055e-03
 -5.3067893e-02
 -2.4363700e-01
  4.4034887e-02
  1.1664383e-01
  2.8152524e-02
 -7.1036652e-02
 -3.2619778e-02
  5.7463441e-02
  5.8230154e-02
  7.6224312e-02
 -2.6880199e-02
  7.0010349e-02
  1.9537264e-03
  1.3387877e-01
  2.2833070e-02
  1.1299498e-02
 -7.2518609e-02
  6.2817484e-02
 -3.6895573e-03
 -1.1624034e-01
 -9.5920404e-03
 -7.0651092e-02
 -3.1278841e-02
 -1.7167272e-01
 -6.0239606e-02
  1.2479139e-02
  5.2059021e-02
  1.0813178e-02
  9.9841557e-02
  4.8408534e-02
  8.6426428e-03
  9.2107780e-02
 -3.3716850e-02
  1.8220264e-02
  6.8787880e-02
 -6.5857232e-02
  1.0873809e-02
  4.0512767e-02
  1.6386228e-02
  7.9580890e-03
  1.1561804e-01
 -5.3569041e-02
  4.9355486e-03
  8.5244320e-02
 -8.9944281e-02
 -3.6844884e-03
  1.8105628e-02
 -3.6778238e-02
  4.8823126e-02
 -1.1624938e-02
 -3.9436381e-02
  2.2267397e-02
  6.2961131e-03
  7.6595411e-02
  3.5216257e-02
 -1.3712906e-02
 -9.5110096e-02
 -3.8297929e-02
  1.9269418e-02
 -2.9935647e-02
 -4.9196366e-02
 -4.5061014e-03
  1.5399793e-01
 -3.0741643e-02
 -2.6529094e-02
  4.9093127e-02
 -2.1446323e-02
 -1.2025553e-01
  1.0279483e-01
  7.6512564e-03
 -7.1978107e-02
 -6.2483568e-03
  1.6144033e-01
  4.6523951e-02
  7.1759950e-03
  3.1493254e-02
 -7.5871699e-02
 -3.5253141e-02
 -4.5800585e-02
  5.8737781e-02
  5.7384562e-02
  1.7631002e-02
 -1.1611564e-01
 -1.1884701e-01
  6.4391801e-03
 -6.4310692e-02
 -1.0917589e-01
 -3.2535132e-02
 -1.5314391e-01
 -2.0304999e-01
  4.0608563e-02
  1.2025470e-02
  4.3446254e-02
 -1.8540031e-01
 -9.4996721e-02
 -2.2209439e-02
  6.6274174e-02
  5.1630132e-02
 -9.1400653e-02
  7.4011870e-02
 -1.3279410e-01
 -5.1897418e-02
 -8.1206098e-02
 -7.0868209e-03
  3.3081580e-02
  2.7758475e-02
 -6.6416062e-02
 -3.7743695e-02
 -1.6389562e-02
  4.6129502e-02
 -7.9773128e-02
  1.2923790e-02
 -8.8551246e-02
  6.0563959e-02
 -5.3841360e-03
 -1.6331480e-01
 -1.1474102e-01
  8.0083817e-02
 -1.8638885e-02
  9.5295422e-03
  1.4278703e-02
 -2.5724228e-02
 -7.3957220e-02
  1.0320100e-03
  1.1020458e-01
 -5.5465825e-02
  5.8742845e-03
  3.2803051e-02
  4.8903316e-02
  4.5087613e-02
  5.1796790e-03
 -6.5606408e-02
 -2.7067710e-02
 -4.6785042e-02
  2.4377238e-02
  6.8128273e-02
 -3.1348428e-01
 -1.9572861e-02
  4.3216698e-02
 -4.6893479e-03
 -6.8974487e-02
 -6.3488817e-01
 -2.9247689e-01
 -5.7305515e-01
  1.3955937e-01
  1.5909426e-01
  9.9478710e-01
  5.5113035e-01
  4.5189895e-02
 -5.2059360e-02
  3.8999222e-02
  1.1318437e-01
 -7.2452128e-02
 -1.2829834e-01
  3.5284076e-02
  7.1535699e-02
 -3.9644173e-01
 -1.0400863e-01
  3.2205528e-01
 -2.2564597e-02
  1.4474909e-01
  7.9801494e-01
  5.0715292e-01
 -5.5918191e-03
 -8.5710585e-02
  1.3552597e-01
  1.8510242e-01
  4.4872221e-01
 -2.8517757e-02
 -3.8854498e-02
 -1.2278452e-03
 -5.4544404e-02
  4.3276463e-02
 -2.8055832e-02
 -6.1394028e-02
 -7.6528989e-02
  1.5229420e-01
  1.0424936e-01
 -3.9578989e-02
  1.1653338e-01
 -7.5945064e-02
 -1.0464405e-01
  6.4746611e-02
  1.3606832e-02
  6.1061747e-02
  2.4131941e-02
  4.1758946e-01
 -1.5787688e-01
 -1.0305496e-01
 -1.1064247e-03
  7.3747467e-03
 -4.7344498e-02
 -1.9077156e-03
  3.3166740e-02
  2.8282711e-02
 -7.4513648e-03
 -4.9308352e-02
  1.6821615e-01
  1.0164135e-02
 -1.3144232e-02
  6.6123940e-03
  3.0262744e-01
  1.1169758e-01
 -1.1576463e-01
 -9.0150535e-03
  2.5097333e-02
 -2.3208301e-01
  2.6397094e-02
 -2.4691105e-02
  3.3968333e-02
  1.0451831e-02
  5.9630208e-02
  5.8707662e-02
  9.1832235e-02
 -9.0792045e-02
  3.1577080e-02
 -1.9236758e-02
 -1.0020842e-01
  1.2363647e-01
  1.0856420e-01
  3.1305969e-02
 -2.7786218e-02
  5.3513266e-02
  1.1315890e-01
  3.6869530e-02
  9.7818032e-02
 -3.8957730e-02
 -5.1929090e-02
  8.2876861e-02
 -8.6350501e-02
  7.0766032e-02
 -1.4707568e-01
 -1.7235649e-01
  7.1095482e-02
 -1.2558961e-02
 -1.7000925e-02
  4.9212676e-02
  1.0072570e-01
 -5.0062150e-02
 -7.9054803e-02
 -1.4055997e-01
 -1.5920894e-02
  8.1359342e-02
  1.5744981e-01
  4.4970669e-02
  5.2738026e-02
  5.8813244e-02
 -3.9084636e-02
  2.2705585e-02
 -9.3894005e-02
 -3.1311180e-02
 -3.1703930e-02
 -8.5150890e-02
 -3.6940329e-02
  1.4893542e-01
 -4.7929920e-02
 -3.6170240e-03
  1.9926304e-02
  9.4783254e-02
  1.0131779e-02
  2.3227164e-01
  1.3980364e-02
  1.4400329e-01
 -9.6870482e-02
  1.7167917e-02
 -2.3265749e-02
  2.6655372e-02
 -1.1143179e-01
 -3.8101196e-02
 -5.7290703e-02
  1.1911175e-01
 -1.1568591e-03
  2.4028247e-02
  1.7077349e-02
  1.8767498e-02
  1.4049167e-02
  1.1950631e-01
  6.6973969e-02
  1.4625457e-01
 -9.0312414e-02
 -4.4295564e-03
  1.2478601e-02
  2.3457546e-02
  7.4007854e-02
  3.4398206e-02
 -5.1598985e-02
  7.2652817e-02
 -1.2773251e-02
 -6.2211700e-02
  1.0082483e-01
  1.2219654e-02
  3.1355242e-03
  3.0344231e-02
  1.3289468e-01
 -1.6147076e-01
 -4.0035460e-02
  3.6647577e-02
 -4.8259027e-02
  2.9852630e-03
  8.9258239e-02
  3.3501008e-01
  1.1228602e-02
 -4.4336490e-02
  8.8188630e-03
  3.0461954e-02
  1.5895564e-02
  5.1909242e-02
  3.2520059e-02
 -1.3499552e-01
 -2.2033256e-02
  6.9584869e-02
 -2.2109393e-02
  6.6937551e-02
 -2.0147149e-02
  7.5124137e-02
 -7.6007277e-02
 -4.7602393e-03
  1.7607830e-02
  5.5625360e-02
 -7.5399727e-02
  5.8886804e-02
  2.6278573e-01
 -1.0477477e-01
 -3.6119190e-03
  2.5220625e-02
  3.7975222e-02
 -5.0300956e-02
 -8.6041372e-03
  4.7379427e-02
 -2.2002928e-02
 -8.1764221e-02
 -1.9101065e-01
  3.7010759e-04
  4.6270460e-02
 -2.8357500e-02
 -1.2087853e-01
 -1.4301141e-02
  1.4211462e-02
 -2.9250007e-02
 -3.6025502e-02
 -1.7427659e-02
  1.6440541e-02
 -5.5923730e-02
 -1.2622771e-01
 -3.9872646e-02
 -3.9407756e-02
  1.7574348e-02
 -7.5330483e-03
 -3.0416202e-02
  2.0581974e-01
  4.5492832e-02
 -2.7662501e-02
 -2.6641062e-02
  3.2520559e-02
  5.4381151e-02
 -5.1301541e-03
  6.3703023e-02
 -2.9983290e-04
  2.8256491e-01
 -1.3833815e-02
 -5.6172580e-02
 -3.5093985e-02
 -7.7308804e-02
  4.2985275e-02
  3.3288144e-02
  5.9276264e-02
  3.6536939e-02
  1.2859966e-01
 -5.0877938e-03
  6.8622470e-02
 -7.5344555e-04
 -1.2810615e-01
 -2.4782214e-02
 -9.1188233e-03
 -4.1096453e-02
  7.4664712e-02
 -3.0200012e-02
  2.6845077e-01
  8.4263794e-03
  7.4523129e-02
 -7.5046225e-03
  2.8940111e-02
 -3.3512451e-02
 -2.4603407e-01
  6.8470411e-02
 -8.9430049e-02
 -4.2486671e-02
 -1.1910814e-01
  8.1482697e-03
 -1.5433489e-01
 -1.4062998e-02
 -1.2264856e-01
  3.2158777e-02
 -5.8986068e-02
  2.9110708e-03
  3.1534932e-04
  6.9914624e-02
 -1.2563758e-01
 -1.1652044e-01
  2.9377285e-02
 -4.3148011e-02
 -2.6038239e-02
 -1.0220338e-01
 -1.8125869e-01
  1.1519422e-01
  1.6782923e-02
  1.3175623e-02
  1.6741267e-01
  4.2788675e-03
  1.2758589e-01
  6.9715887e-01
 -1.2014165e-01
 -3.9639282e-01
 -1.0245273e-01
  3.6648044e-01
 -3.2786965e-02
 -5.3990036e-01
 -5.7384664e-01
  2.2482339e-01
  7.8742611e-01
  6.9269705e-01
  6.5421307e-01
  5.1741666e-01
  5.9692168e-01
  1.0746138e+00
  2.6543203e-01
 -5.3854042e-01
 -1.9936235e-01
  4.0329659e-01
  8.0036163e-01
  2.0731539e-01
 -5.5141479e-01
 -1.7899725e-01
  8.3005583e-01
  2.7359949e-02
  8.5932180e-02
  2.9882038e-02
  9.7674853e-01
  2.4464911e-01
 -6.4074330e-02
 -1.8581039e-01
 -8.0822572e-02
 -4.1023427e-01
 -6.6138066e-02
  1.9393297e-01
 -1.0098564e-01
  1.5698458e-01
  6.4791787e-01
 -3.3517227e-02
 -6.0715154e-04
 -4.6186483e-01
 -2.2681518e-02
  1.5447943e-02
 -9.4659217e-02
 -8.4324963e-02
 -1.2286161e-02
 -1.7197539e-01
  2.4237704e-01
 -3.7577298e-01
  3.1492125e-02
 -1.3764136e-01
  1.5165314e-01
  7.7326727e-01
  4.7972456e-02
  9.8739397e-03
 -5.5929929e-02
 -2.3015141e-02
 -1.2236815e-01
  1.7792236e-03
 -1.2685834e-01
  7.9337575e-02
  8.4646633e-03
  4.7202554e-02
 -1.2118071e-01
 -9.0434039e-03
  5.8801297e-02
 -1.9479159e-01
 -4.3545015e-02
  1.3441075e-02
 -1.8242015e-02
 -2.0541596e-01
 -1.3095131e-02
 -2.6846590e-02
 -4.6017725e-02
  7.0714526e-02
 -6.7749224e-03
  5.6618955e-03
 -8.7870196e-02
 -5.2026369e-02
 -3.5974011e-04
  2.7846450e-02
  1.8452033e-02
 -1.2673099e-02
  1.8091645e-02
  5.0205469e-02
 -1.4280246e-01
 -7.1991876e-02
 -9.8894397e-03
 -1.7821729e-02
  4.2808112e-03
  1.4422586e-02
  6.2962361e-02
 -1.5985340e-02
  1.1840349e-01
  6.1260741e-02
 -2.6782848e-02
 -4.1169684e-02
 -1.1781884e-01
 -3.8097061e-02
 -1.4643960e-02
 -1.0599704e-01
 -1.2318271e-02
 -9.4006658e-02
 -1.5589240e-01
 -3.3320233e-02
 -2.9725825e-02
 -1.2024337e-02
 -4.9969241e-02
 -1.8772081e-02
 -1.0956128e-01
 -2.4011839e-02
 -2.5208388e-03
 -1.1418398e-02
  6.0289241e-02
 -1.5153000e-02
  4.3644536e-02
 -6.0912516e-02
 -1.3456037e-03
 -1.0459669e-01
  1.3806264e-01
  8.2870824e-03
  1.1058707e-01
  2.2344209e-02
  5.6352154e-03
  8.6343259e-02
  7.8044690e-02
  4.7294494e-02
  5.9130352e-02
  2.1057781e-02
  2.2979814e-01
 -2.3969676e-01
 -1.5000293e-01
  2.1100149e-02
 -4.1268072e-03
 -4.2284567e-02
  2.5152564e-03
 -1.7849213e-01
 -8.0555845e-03
  3.2329541e-03
 -1.0325821e-01
  5.4284534e-04
  7.3825038e-04
  2.2150306e-03
 -5.7317987e-02
  4.8083752e-02
 -2.1306355e-02
 -4.7813576e-02
  1.7606479e-01
  2.9930798e-02
  3.1623714e-02
  6.6620953e-02
 -4.1736746e-03
 -1.8904090e-02
 -1.2815418e-02
 -9.1300681e-02
 -1.0570168e-02
  7.9100586e-02
 -7.0003830e-02
 -4.7243657e-03
  3.0751072e-02
  3.1915312e-03
  3.8509060e-02
 -3.2394547e-02
  8.0555148e-02
 -4.5936517e-02
 -2.0362303e-02
  1.0215938e-02
  3.4580581e-02
 -7.3126913e-03
  2.5177447e-02
 -3.2711219e-02
  1.0360879e-01
 -4.7328252e-02
 -7.7610649e-02
 -3.2660984e-02
 -9.5295385e-02
  6.9948528e-03
 -7.3953886e-03
  1.9448919e-02
  9.1621704e-02
  8.0892718e-01
 -1.4065769e-01
  1.0133477e-01
 -3.7980714e-01
  6.1785036e-01
  3.1395611e-01
 -1.7726737e+00
  8.5527226e-02
 -1.2889868e-02
  8.2923818e-01
 -1.1369112e-01
 -4.4553435e-01
 -1.4442128e+00
 -1.0741834e-01
  1.1719302e+00
  1.3861614e+00
 -1.7172210e+00
 -1.9626840e+00
  1.2899992e-01
  1.5169104e+00
  5.0804502e-01
 -1.5235380e+00
 -1.7390871e+00
  2.9849687e-01
  1.4513597e-01
  4.6206263e-01
  6.4107037e-01
  1.2070716e-01
  3.7159136e-01
 -1.2988295e-02
  4.7371462e-02
 -2.5665093e-02
 -7.3234990e-02
  2.0980921e-02
  2.5766326e-02
 -3.0118454e-02
  1.5792213e-02
  3.9606690e-03
  6.0682487e-02
 -6.5575424e-03
 -3.1981831e-03
 -7.9508454e-02
  1.5263169e-01
 -6.2258251e-02
  1.7500017e-02
 -1.1552150e-01
  1.0206369e-01
 -4.8264474e-02
  4.6116717e-02
  9.5910449e-03
  3.6652121e-03
  8.0346659e-02
  1.7589672e-01
 -1.7922347e-02
  8.2559912e-03
 -3.2127984e-02
  1.2549952e-01
 -5.8526238e-03
  2.1825686e-02
 -7.6222293e-02
  1.8452829e-01
 -2.0394942e-01
 -3.3046335e-01
  8.6579986e-02
 -1.0381837e-01
  4.3854896e-02
 -2.4677821e-02
 -5.1910765e-03
  6.3920520e-02
 -6.3642070e-02
  4.9035046e-02
 -1.3099065e-01
 -9.0660363e-02
  1.0023639e-03
 -1.8048421e-02
  8.3678901e-02
  1.0144481e-02
  1.1582093e-02
  1.4252307e-01
 -3.0676895e-01
  2.3760512e-02
 -1.0447314e-02
 -2.8797824e-02
  1.4576231e-01
 -2.0249587e-02
 -4.8322875e-02
  3.9509773e-02
  3.9022721e-02
 -1.0503106e-02
  1.7595865e-01
 -2.4131730e-02
 -2.1198999e-02
 -1.7179018e-03
  1.2533006e-01
 -1.3744114e-01
  3.2532819e-02
  2.0533977e-02
 -1.4057069e-01
 -1.1031154e-01
 -1.6520238e-01
 -4.1774310e-02
  7.7387735e-02
  9.2121698e-03
  9.5144406e-02
 -9.1641098e-02
 -5.8223912e-03
  7.8315757e-02
  5.5082836e-03
  5.6314573e-02
 -4.6545994e-02
 -2.3983551e-02
 -2.6322585e-01
 -3.5941932e-02
  3.4727253e-02
  2.8796129e-02
  9.7596735e-02
 -9.4927862e-02
 -2.0833086e-02
  2.6582822e-02
 -6.8548419e-02
  1.9205937e-01
 -1.6394170e-03
 -2.8144460e-02
  3.1841718e-02
 -1.5257476e-02
  1.2654994e-02
  7.3027372e-02
  1.6336238e-01
  8.0828153e-02
 -1.8873516e-02
  5.9922624e-02
  1.9821408e-01
 -4.5193341e-03
  7.2786428e-02
  8.7591343e-02
 -4.2140231e-02
 -5.3417251e-02
 -7.5621292e-02
  4.1296940e-02
 -3.3778898e-02
  1.4665745e-01
  6.5844297e-02
  2.0092350e-01
 -9.1213025e-03
 -2.4690688e-02
 -3.2953266e-02
 -9.1305533e-03
  1.4164414e-01
  4.3631986e-02
 -9.2311231e-03
 -1.2836151e-01
  5.0518874e-02
  4.5869321e-01
 -7.2286218e-02
  6.8057649e-02
 -9.8578474e-03
  7.6000571e-02
  8.2773343e-04
 -5.0072093e-02
  2.5886169e-01
  2.3506412e-02
  2.4558574e-02
 -5.0011713e-02
 -1.4696574e-02
  8.8935848e-03
 -8.9912504e-02
  1.7104998e-02
 -8.8249162e-02
 -3.1428836e-02
  4.3545354e-02
 -1.8830633e-02
  4.0843599e-02
  1.3268302e-01
  1.4469632e-02
  1.8052185e-01
  8.3362512e-02
 -5.3392351e-04
  6.5519691e-02
 -6.2422901e-01
  2.0931047e-01
 -2.0272229e-02
 -2.1367628e-02
 -4.1732863e-02
 -7.3287725e-02
  1.5854379e+00
 -1.4745424e-02
  7.9892203e-02
 -1.1449730e-01
  5.2012382e-03
 -6.0307134e-02
  1.4677413e-02
  6.4145729e-02
 -1.6918108e-03
 -8.9513496e-02
  1.5973639e-01
  2.4195408e-02
 -4.8161294e-02
 -5.1049055e-03
 -6.1990708e-02
  5.6508966e-02
 -7.3901840e-02
 -3.0941714e-02
 -1.7174309e-02
  1.9361645e-02
 -9.7112007e-02
  1.5169103e-04
 -4.4096544e-02
 -5.1594138e-02
 -3.5691842e-02
  3.3424363e-01
 -5.2885480e-02
 -3.4972960e-01
  1.5005304e-01
  2.1721841e-01
 -6.2122387e-01
  2.0690611e-01
 -6.2672429e-02
  5.3007990e-01
  8.6965732e-02
  1.5072532e-01
 -5.3788576e-02
  1.0790054e-01
  4.9332768e-02
  3.0039653e-01
  5.8074534e-02
  5.9732214e-02
 -5.4662339e-03
  6.6412598e-02
  1.4436673e-01
  1.3233235e-01
  5.6120299e-02
 -2.4397524e-02
 -2.1526117e-02
  1.6565885e-02
  4.2790323e-02
  5.0445642e-02
  4.3415535e-02
  6.8319291e-02
 -3.3383816e-04
 -1.2225354e-01
  6.9026232e-02
  2.3537463e-02
 -5.3804379e-02
 -3.0294759e-04
  9.6580282e-02
  6.5651417e-02
  5.3633992e-02
 -7.4820936e-02
 -6.8254597e-02
 -1.6255956e-04
  1.4196974e-01
 -5.8619045e-02
 -4.0233016e-02
  1.2005890e-02
 -9.6246533e-02
 -5.2904066e-02
 -1.0747792e-01
 -2.2689975e-03
 -2.5321733e-02
 -3.0487644e-02
  6.3697957e-02
  5.7451591e-02
 -5.7001915e-02
  5.0070370e-03
  2.5058024e-02
 -2.4949189e-02
 -1.5684869e-02
  7.9059213e-02
  8.9820765e-02
  5.3948540e-02
  3.3096477e-02
  2.5383398e-01
  2.0618340e-01
 -1.0998294e-02
  1.2445610e-01
 -8.9174658e-02
 -9.3354490e-03
  1.6778599e-02
  1.8947314e-02
  1.2169001e-01
 -2.9890263e-03
 -8.7145537e-02
 -5.6492813e-02
 -3.8712814e-02
  1.0372742e-01
  8.4341709e-03
  5.2986924e-02
  5.3559236e-02
  7.4145749e-02
 -1.9987455e-02
 -3.8275708e-02
  2.5797687e-02
 -1.1103195e-01
 -2.4703087e-02
 -1.4690938e-02
  7.2442740e-03
  1.9046284e-02
 -8.1202224e-02
  2.4013400e-02
  7.3017329e-01
  7.3563892e-01
  1.6269086e-01
  1.7271585e+00
 -8.6125657e-02
 -9.4958708e-02
  1.7177437e-01
 -1.5848452e-02
 -1.3598120e-01
 -1.5197489e-02
  1.7641073e-01
  9.9429861e-02
  2.6168495e-02
 -2.2599380e-02
  2.8309887e-03
  4.0499043e-02
 -1.7480938e-01
 -1.5270516e-01
 -1.8965598e-02
 -6.5447435e-02
  1.1902095e-01
 -1.9929126e-02
  4.7957707e-02
 -4.9316105e-02
 -5.3025991e-02
  1.9558178e-02
  5.5354919e-02
  2.0193785e-02
  2.4483489e-01
 -1.1186673e-01
  1.7689753e-01
 -1.8568665e-02
 -1.7773587e-02
  9.1264034e-03
  3.7698753e-02
 -6.1205178e-03
 -2.8677395e-02
  1.5917420e-01
 -7.3784105e-02
  6.5063396e-03
 -1.1919855e-01
 -3.3373620e-02
 -4.5128252e-02
  3.1326495e-02
  1.2780146e-01
 -4.3979734e-02
  4.1912563e-02
  2.8586667e-04
  8.4699117e-02
  7.1145393e-02
 -5.2737523e-02
 -6.8714358e-02
  2.6577406e-02
  3.5742112e-02
 -6.1311647e-02
  1.2060338e-02
 -7.0743494e-02
 -9.6702836e-02
  1.2018541e-03
 -2.0919209e-02
 -1.8936616e-01
 -7.0511224e-04
 -5.3555615e-02
 -4.0728167e-02
 -4.8631867e-03
 -1.6936463e-01
 -4.2085640e-02
 -3.1064600e-02
  1.2461076e-02
 -2.0873148e-02
  3.7571914e-02
 -1.7000727e-02
  3.0298859e-02
  2.4089620e-02
 -6.0156252e-02
 -3.3340128e-03
 -9.3929008e-02
 -5.6691702e-02
  1.5763183e-01
  5.3190538e-03
 -1.6745126e-01
  1.3056594e-01
  1.4902726e-02
 -2.6805758e-01
 -3.2723214e-02
  7.0920043e-02
  1.1486673e-01
 -2.8571988e-02
 -1.1107098e-01
  5.1084429e-02
 -1.1740935e-01
  2.5767043e-02
 -2.7744448e-01
  2.1839669e-01
  5.9655733e-02
 -5.6048941e-02
 -5.3056955e-01
 -7.8716964e-02
 -1.0304458e-01
 -2.2718811e-01
 -1.3468450e+00
  5.0576389e-02
 -7.3040552e-02
  3.5419525e-03
  5.4537561e-02
  7.4882555e-01
 -6.8312727e-02
 -3.2410592e-02
  1.0833491e-01
 -2.4328155e-03
 -6.7450041e-03
  1.3127303e-01
 -4.0444732e-01
 -2.0630887e-01
 -6.8602458e-02
  4.3831091e-02
  3.2224298e-02
 -2.4831632e-01
  5.8723561e-02
 -7.5636342e-02
  1.3978878e-01
  4.8352623e-01
  2.3473063e-01
 -5.2227404e-02
  1.0094564e-01
 -3.0270904e-02
 -8.7037317e-02
 -1.0086707e+00
 -5.5731766e-02
  2.0588128e-01
  4.9322210e-02
 -6.5511525e-02
  4.6749506e-02
 -4.5006979e-02
 -2.5772331e-03
 -1.5983708e-02
  8.1305332e-02
 -1.3169461e-01
 -5.9665374e-02
 -5.1030748e-02
 -6.6883685e-03
  1.3541324e-01
  2.6276770e-01
 -1.3650514e+00
  1.6651108e-03
  2.3880431e-02
 -1.4655592e+00
 -4.0921304e-02
  3.2801569e-02
 -7.8783423e-01
 -1.1878508e+00
  5.2701682e-02
 -1.2553978e-02
  2.0519534e-02
  9.9522889e-02
 -8.1692362e-01
 -9.6699104e-02
 -1.2254871e-01
  6.7448385e-02
 -3.4008306e-02
 -2.4542187e-01
 -1.4706470e-01
  4.5894155e-01
  1.3107754e-01
 -4.7332942e-02
  1.6637000e-01
 -3.2701522e-02
 -5.3969685e-02
  5.0324794e-02
 -2.4968037e-01
 -1.2702301e-01
  1.2557688e+00
 -9.3263191e-01
  1.9713987e-01
  1.0364814e-02
  3.1596873e-02
 -2.0304695e-05
  3.0196555e+00
  8.8937849e-02
  3.4115466e-01
 -5.2968498e-02
  1.5186794e-01
  6.3920446e-02
  1.1408760e-01
  3.0480024e-01
 -6.0883150e-02
 -1.3454098e-01
  2.1284884e-01
 -2.8643455e-02
  2.7560654e-01
  1.5456546e+02
 -5.1256830e-01
 -3.3548731e-01
 -6.7140126e-01
  7.6491648e-01
  8.8813472e-01
 -1.2690494e+00
 -6.3011169e-01
  4.9299887e-01
 -4.7940990e-01
 -5.2072352e-01
  1.8325884e+00
 -5.3748715e-01
 -3.5460246e-01
 -4.0607920e-01
  3.5537168e-01
  6.9699687e-01
  1.2559552e+00
  3.3266866e-01
 -1.1649086e-01
  2.1132898e+00
  3.0145386e-01
  1.1607510e+00
  9.4944590e-01
 -8.8581556e-01
 -7.1002901e-02
  8.9973432e-01
 -1.3562269e+00
  1.6293312e+00
  1.3153432e-01
  1.4596217e+00
 -6.5489739e-01
  6.8106526e-01
 -4.3454906e-01
  1.7962888e-01
  8.4512335e-01
  1.4736830e+00
 -6.3987976e-01
 -1.0970284e-01
  8.9204973e-01
  2.3075809e+00
 -2.3352220e+00
  3.8674481e-02
 -2.1924429e+00
  2.0225084e+00
 -1.4148277e-01
 -2.0489576e+00
  3.9669204e-01
 -2.8522165e+00
 -1.4903839e+00
 -5.3189582e-01
  2.3344105e-01
 -2.5980048e+00
 -7.8854740e-01
  8.0665773e-01
 -2.9490903e-01
 -9.0897459e-01
 -1.2520113e+00
 -1.4107354e+00
 -1.7311860e+00
  1.4752692e+00
  8.1905270e-01
 -1.6967618e+00
 -9.6239662e-01
  1.7675476e+00
  1.3750823e+00
  4.7137895e-01
 -8.7963736e-01
  1.4829735e+00
  3.6898637e-01
  1.7720785e+00
  7.8543502e-01
 -6.8964404e-01
 -8.4807420e-01
 -9.2692709e-01
  1.2992954e+00
  2.6564424e+00
 -1.1100799e+00
 -8.6276793e-01
 -8.1828511e-01
  2.7290585e-02
  1.0743345e+00
 -1.0497054e+00
 -1.5309994e-01
 -2.5489520e-02
  9.2283398e-01
  1.7897645e+00
  1.9873315e-01
 -4.4732848e-03
  1.6537672e+00
  2.5961113e+00
 -3.5211995e-01
 -1.0567901e+00
  4.2497072e-01
  1.7897604e-01
  7.3611146e-01
  2.3175800e-01
 -8.0152929e-01
  8.0064851e-01
 -9.8397696e-01
  2.0785789e+00
 -4.6235159e-01
  5.6931442e-01
 -6.8127310e-01
  8.6347740e-03
 -8.0514663e-01
  6.0408616e-01
 -1.3982162e+00
 -2.0585663e+00
  1.3855971e+00
 -2.8923303e-01
  6.2324208e-01
 -9.2453605e-01
 -4.0571341e-01
  2.9650846e-01
 -1.1744975e+00
 -2.9934436e-01
 -1.1016603e-01
  1.2473785e+00
 -7.6902324e-01
  7.7924453e-02
  5.3240251e-02
  7.0100635e-01
  1.9619229e+00
 -6.5664315e-01
  2.8973725e-01
 -9.9810332e-01
 -1.1630330e+00
  9.7774750e-01
 -1.2409869e+00
 -1.9037715e+00
 -7.1933210e-01
  1.1928804e+00
 -9.2749339e-01
  6.8931557e-02
 -2.2185373e+00
 -1.0708563e+00
 -3.0827749e-01
 -1.8681518e+00
 -5.3754044e-01
 -5.9953172e-02
 -1.3798887e-01
  3.4062555e-01
 -3.5344860e-01
  1.2920092e+00
  1.3248490e+00
 -9.9762696e-01
 -5.5926067e-01
  4.8360494e-01
 -3.3756047e-01
  2.6440266e-01
 -1.6948183e+00
 -4.5732684e+00
 -1.1977351e+00
 -6.7881435e-02
 -7.1854764e-01
 -5.3499186e-01
  2.6127958e-01
  1.2309581e+00
 -1.0261676e+00
  2.5736600e-01
 -2.5240366e+00
  1.3839182e-01
  5.3076126e-02
 -2.4371007e-01
 -3.1706825e-01
 -6.9672614e-01
  1.5476815e-02
 -1.3574488e-01
 -7.6123083e-01
 -1.1788542e+00
  1.5317978e+00
 -7.7083468e-01
 -1.2412746e+00
  3.2815495e-01
  1.5434856e+00
  4.3458965e-02
  9.8768845e-02
  1.5826440e-01
  2.5471671e+00
 -6.3015544e-01
  8.6212587e-01
 -1.0979868e+00
  9.5841616e-02
  1.8619744e+00
 -4.4531867e-02
 -2.6198397e+00
 -2.6272526e-01
  8.1539571e-01
 -1.7695698e+00
  3.5759059e-01
 -3.6896741e-01
 -5.7358760e-01
  8.2485236e-02
 -6.0547215e-01
  1.2146281e+00
  2.2990210e+00
  7.5152349e-01
 -2.8466980e+00
  1.4466004e-01
  2.7312386e-01
  1.3953178e+00
 -1.6240423e+00
 -6.0896510e-01
 -3.1645417e-01
  7.8021139e-01
  2.1989626e-01
 -1.2593762e+00
  1.9520942e+00
  3.3047371e-02
  1.1542311e+00
 -9.6615577e-01
  1.1350361e+00
 -2.7689201e-01
  5.0400549e-01
 -4.3558246e-01
 -9.3891993e-02
  7.9288119e-01
 -1.1595130e-01
  1.1349537e+00
 -6.1635453e-01
  1.6463150e+00
 -1.0002369e+00
  5.3682178e-01
  9.6021511e-02
 -5.7793128e-01
  2.5339322e+00
 -1.0120311e+00
 -1.6778347e+00
 -1.0360489e+00
  3.1455050e+00
 -5.1348638e-02
  1.4866884e+00
 -5.5308735e-01
  7.4918628e-01
  7.0734811e-01
  1.4072151e+00
  3.0236030e-01
 -2.4486437e+00
  1.5758286e-01
 -2.0642686e+00
  1.8208925e-01
 -3.5671947e+00
  1.0455093e-01
 -1.0137122e+00
 -9.6686341e-02
 -1.3888880e+00
  4.8481995e-01
  1.1472170e+00
 -2.5688148e-01
 -1.3687803e-01
  3.2543191e-01
  2.2433232e-01
 -9.4852215e-01
 -1.0557045e-01
 -6.8432790e-01
  1.6210020e-01
 -2.4667134e+00
 -8.7224758e-01
 -6.5895873e-01
  6.0393232e-01
  8.2370156e-01
  1.3920593e+00
  5.2796036e-01
 -6.2872183e-01
  7.5970262e-01
  4.7663787e-01
 -4.6261498e-01
  2.5945823e+00
 -1.3974499e+00
  2.5474954e+00
 -1.8823169e+00
  1.5760598e+00
 -1.1513133e+00
  5.8473563e-01
 -3.8288233e-01
  4.8763260e-01
 -2.0095739e-01
 -9.7911525e-01
  3.2975799e-01
  7.7526271e-01
  4.3874133e-01
 -1.4401686e+00
  3.6501312e-01
 -1.7542949e-01
  1.9474164e-01
 -3.1106701e-01
 -1.3880508e-01
 -2.5361520e-01
  2.0026261e-02
  6.3838637e-01
 -3.0079982e-01
 -6.8248039e-01
 -1.2245321e+00
  7.8506953e-01
 -3.5258725e+00
 -4.4738668e-01
 -1.5681255e+00
 -6.6263604e-01
 -5.9044652e-02
 -4.9632333e-02
 -1.7224623e+00
 -9.1621679e-01
  8.3356589e-01
  1.6253984e+00
 -1.3211615e+00
  1.2394481e+00
 -1.3189534e+00
  5.4095685e-03
  1.6146807e-01
 -9.6874404e-01
 -9.4448656e-01
 -2.4299395e+00
  1.4579200e+00
 -3.6854330e-01
  5.3278434e-01
 -6.9216949e-01
  1.2625537e+00
  5.9203684e-01
  9.3490791e-01
  1.0468042e+00
  3.9825070e-01
  1.1866956e+00
  6.0099214e-01
  1.5579438e+00
  1.3664939e+00
 -1.1360520e+00
  7.1834642e-01
  3.1742861e+00
 -1.0521064e-01
  4.7985384e-01
  1.8629717e+00
  7.2266763e-01
 -1.0409700e+00
 -1.6787920e+00
 -1.1178147e+00
 -8.3612275e-01
  1.1955157e-02
 -5.8601159e-01
 -4.8436895e-01
  1.3563497e+00
  1.0316340e+00
  1.5731537e+00
 -1.4077631e-01
  2.4861829e+00
  9.2417157e-01
  1.5230611e-01
 -4.5722163e-01
 -1.7681327e-01
  4.4763884e-01
 -1.1338942e+00
 -9.9267149e-01
 -2.4836816e-01
 -1.7119339e-01
 -7.4947256e-01
 -6.5182543e-01
  8.4624642e-01
 -1.5079930e-01
 -2.1373299e-01
 -3.8915128e-01
  9.9605531e-01
  4.7655474e-02
  4.7655474e-02
  4.7655474e-02
  4.7655474e-02
  4.7655474e-02
  4.1820478e-02
  4.1820478e-02
  4.1820478e-02
  4.1820478e-02
  4.1820478e-02
  1.8607717e-02
  1.8607717e-02
  1.8607717e-02
  1.8607717e-02
  1.8607717e-02
  8.5476628e-03
  8.5476628e-03
  8.5476628e-03
  8.5476628e-03
  8.5476628e-03
  4.6373829e-03
  4.6373829e-03
  4.6373829e-03
  4.6373829e-03
  4.6373829e-03
  8.2237571e-03
  8.2237571e-03
  8.2237571e-03
  8.2237571e-03
  8.2237571e-03
